[
C 33 4 51 17,
C 32 16 43 40,
C 44 22 53 24,
C 28 22 31 29,
C 20 29 25 34,
C 32 42 34 58,
C 41 41 43 58,
C 21 37 31 42
]

[
C 33 4 51 17,
C 32 16 43 40,
C 44 22 53 24,
C 28 22 31 29,
C 20 29 25 34,
C 32 42 34 58,
C 41 41 43 58,
C 21 37 31 42
]

[
X 56 16 70 28 10,
X 44 21 58 24 10,
C 33 4 51 17,
C 32 16 43 40,
C 44 22 53 24,
C 28 22 31 29,
C 20 29 25 34,
C 32 42 34 58,
C 41 41 43 58,
C 21 37 31 42
]

[
X 56 16 70 28 10,
C 33 4 51 17,
C 32 16 43 40,
C 44 22 53 24,
C 28 22 31 29,
C 20 29 25 34,
C 32 42 34 58,
C 41 41 43 58,
C 21 37 31 42
]

[
X 56 16 70 20 4,
C 33 4 51 17,
C 32 16 43 40,
C 44 22 53 24,
C 28 22 31 29,
C 20 29 25 34,
C 32 42 34 58,
C 41 41 43 58,
C 21 37 31 42
]

[
C 33 4 51 17,
C 32 16 43 40,
C 44 22 53 24,
C 28 22 31 29,
C 20 29 25 34,
C 32 42 34 58,
C 41 41 43 58,
C 21 37 31 42
]

[
C 33 4 51 17,
C 32 16 43 40,
C 44 22 53 24,
C 28 22 31 29,
C 20 29 25 34,
C 32 42 34 58,
C 41 41 43 58,
C 21 37 31 42
]